7:: [10, 20, 50, 100, 200, 500, 500]
8:: [10, 100, 50, 50, 200, 500, 100, 200]
8:: [10, 20, 50, 100, 200, 500, 20, 100]
7:: [10, 20, 50, 500, 100, 500, 100]
7:: [10, 20, 50, 100, 200, 500, 10]
8:: [10, 20, 200, 50, 200, 20, 100, 500]
7:: [10, 20, 50, 50, 200, 500, 200]
7:: [10, 20, 500, 100, 10, 20, 200]
6:: [10, 20, 50, 100, 50, 500]
8:: [10, 20, 10, 100, 200, 500, 100, 10]
6:: [10, 20, 50, 100, 200, 500]
7:: [50, 20, 50, 20, 200, 500, 500]
6:: [500, 20, 50, 100, 200, 500]
8:: [10, 20, 50, 100, 200, 500, 50, 20]
8:: [10, 20, 50, 100, 200, 10, 100, 10]
8:: [10, 20, 50, 200, 50, 50, 10, 500]
6:: [100, 20, 50, 100, 200, 500]
6:: [200, 20, 50, 100, 200, 100]
6:: [10, 20, 50, 100, 200, 20]
8:: [10, 20, 500, 100, 200, 500, 500, 20]
7:: [10, 50, 50, 100, 200, 500, 100]
7:: [10, 20, 50, 100, 200, 500, 200]
6:: [10, 10, 200, 100, 200, 500]
6:: [10, 20, 50, 100, 500, 500]
7:: [10, 20, 50, 20, 20, 500, 10]
8:: [10, 20, 50, 100, 200, 500, 10, 500]
7:: [10, 100, 200, 100, 200, 500, 200]
8:: [10, 20, 500, 100, 200, 50, 10, 50]
8:: [10, 20, 200, 100, 200, 500, 20, 50]
8:: [10, 20, 50, 100, 200, 500, 100, 100]
7:: [10, 20, 100, 100, 200, 500, 50]
7:: [500, 20, 50, 200, 200, 500, 200]
8:: [10, 20, 500, 100, 200, 500, 50, 500]
8:: [10, 20, 50, 100, 200, 500, 500, 100]
8:: [10, 50, 50, 100, 200, 500, 10, 50]
8:: [10, 20, 50, 100, 200, 500, 100, 50]
6:: [10, 20, 50, 20, 200, 500]
8:: [20, 20, 50, 100, 200, 20, 200, 200]
6:: [10, 10, 100, 100, 200, 500]
7:: [50, 20, 50, 50, 10, 500, 10]
6:: [10, 20, 20, 100, 50, 500]
7:: [10, 20, 50, 100, 200, 500, 200]
